    A  C  D  E  F  G  H  I  K  L  M  N  P  Q  R  S  T  V  W  Y
A:  2 -1 -1 -1 -1 -1 -1 -1 -1 -1 -1 -1 -1 -1 -1 -1 -1  1 -1 -1
C:     2 -1 -1 -1 -1 -1 -1 -1 -1 -1 -1 -1 -1 -1 -1 -1 -1 -1 -1
D:        2 -1 -1 -1 -1 -1 -1 -1 -1 -1 -1 -1 -1 -1 -1 -1 -1 -1
E:           2 -1 -1 -1 -1 -1 -1 -1 -1 -1 -1 -1 -1 -1 -1 -1 -1
F:              2 -1 -1 -1 -1 -1 -1 -1 -1 -1 -1 -1 -1 -1 -1 -1
G:                 2 -1 -1 -1 -1 -1 -1 -1 -1 -1 -1 -1 -1 -1 -1
H:                    2 -1 -1 -1 -1 -1 -1 -1 -1 -1 -1 -1 -1 -1
I:                       2 -1  1 -1 -1 -1 -1 -1 -1 -1 -1 -1 -1
K:                          2 -1 -1 -1 -1 -1 -1 -1 -1 -1 -1 -1
L:                             2 -1 -1 -1 -1 -1 -1 -1 -1 -1 -1
M:                                2 -1 -1 -1 -1 -1 -1 -1 -1 -1
N:                                   2 -1 -1 -1 -1 -1 -1 -1 -1
P:                                      2 -1 -1 -1 -1 -1 -1 -1
Q:                                         2 -1 -1 -1 -1 -1 -1
R:                                            2 -1 -1 -1 -1 -1
S:                                               2 -1 -1 -1 -1
T:                                                  2 -1 -1 -1
V:                                                     2 -1 -1
W:                                                        2 -1
Y:                                                           2
<P>
